point: [-301.0, 500.0, 0.0]	251.25628140703523	-151.25628140703523	301.2562814070352
point: [-251.0, 251.0, 0.0]	200.80321285140568	-100.80321285140565	150.80321285140565
point: [-1.0, 1.0, 0.0]	100.20040080160322	-0.20040080160320645	50.20040080160321
point: [499.0, -499.0, 0.0]	50.050050050050054	49.94994994994995	0.05005005005004648
